[VERSION]
Num = 1
[1f5b8b]
Flag = 1 0 0 0 1 0 0 0 0 0 0 0 0 0 0 0 
[1f668e]
Flag = 1 0 0 1 0 0 0 0 0 0 0 0 0 0 0 0 
[22e281]
Flag = 1 0 0 0 0 0 0 0 0 0 0 0 0 0 0 0 
[22ed84]
Flag = 1 0 0 0 0 0 0 0 0 0 0 0 0 0 0 0 
[2392b1]
Flag = 1 0 0 0 0 0 0 0 0 0 0 0 0 0 0 0 
[2a3d82]
Flag = 1 0 0 0 0 0 0 0 0 0 0 0 0 0 0 0 
[284dfb]
Flag = 1 0 0 0 0 0 0 0 0 0 0 0 0 0 0 0 
[35c4a6]
Flag = 1 0 0 0 0 0 0 0 0 0 0 0 0 0 0 0 
[4dd033]
Flag = 1 0 0 0 0 0 0 0 0 0 0 0 0 0 0 0 
[2b19be]
Flag = 1 0 0 0 0 0 0 0 0 0 0 0 0 0 0 0 
[2fbf02]
Flag = 1 1 0 0 0 0 0 0 0 0 0 0 0 0 0 0 
[438866]
Flag = 1 0 0 0 0 0 0 0 0 0 0 0 0 0 0 0 
[4dba2d]
Flag = 1 0 0 0 0 1 0 0 0 0 0 0 0 0 0 0 
[3b3020]
Flag = 1 0 0 0 0 0 0 0 0 0 0 0 0 0 0 0 
[3beb53]
Flag = 1 0 0 0 1 0 0 0 0 0 0 0 0 0 0 0 
[40d2a9]
Flag = 1 0 0 0 0 1 0 0 0 0 0 0 0 0 0 0 
[4577ed]
Flag = 1 0 1 0 0 0 0 0 0 0 0 0 0 0 0 0 
[45a3f9]
Flag = 1 1 1 0 0 0 0 0 0 0 0 0 0 0 0 0 
[48a6cb]
Flag = 1 0 0 0 0 0 0 0 0 0 0 0 0 0 0 0 
[4f7da8]
Flag = 1 1 0 0 0 0 0 0 0 0 0 0 0 0 0 0 
[528b7d]
Flag = 1 0 0 0 0 0 0 0 0 0 0 0 0 0 0 0 
[55db64]
Flag = 1 0 0 1 0 0 0 0 0 0 0 0 0 0 0 0 
[fffff4fd]
Flag = 1 0 0 0 0 0 0 0 0 0 0 0 0 0 0 0 
[58a727]
Flag = 1 0 0 0 0 0 0 0 0 0 0 0 0 0 0 0 5 
[58c830]
Flag = 1 0 0 0 0 0 0 0 0 0 0 0 0 0 0 0 
[5f7e04]
Flag = 1 0 0 0 0 0 1 0 0 0 0 0 0 0 0 0 
[8305b2]
Flag = 1 0 0 0 0 0 0 0 0 0 0 0 0 0 0 0 
[831bb8]
Flag = 1 0 0 0 0 0 0 0 0 0 0 0 0 0 0 0 
[7c23d2]
Flag = 1 0 0 0 0 0 0 0 0 0 0 0 0 0 0 0 
[861387]
Flag = 1 0 0 0 1 0 0 0 0 0 0 0 0 0 0 0 5 
[863f93]
Flag = 1 1 0 0 0 0 0 0 0 0 0 0 0 0 0 0 5 
[866b9f]
Flag = 1 0 0 0 0 0 0 0 0 0 0 0 0 0 0 0 
[8681a5]
Flag = 1 0 0 0 0 0 0 0 0 0 0 0 0 0 0 0 
[8697ab]
Flag = 1 0 0 0 0 0 0 0 0 0 0 0 0 0 0 0 
[86adb1]
Flag = 1 0 0 0 0 0 0 0 0 0 0 0 0 0 0 0 
[86c3b7]
Flag = 1 0 0 0 0 0 0 0 0 0 0 0 0 0 0 0 
[8dc6a0]
Flag = 1 0 0 0 1 0 0 0 0 0 0 0 0 0 0 0 
[93ab3b]
Flag = 1 1 0 0 0 0 0 0 0 0 0 0 0 0 0 0 
[93c141]
Flag = 1 1 0 0 0 0 0 0 0 0 0 0 0 0 0 0 
[9d58de]
Flag = 1 0 0 0 0 0 0 1 1 0 0 0 0 0 0 0 
[ba1fb5]
Flag = 1 0 0 0 0 0 0 0 0 0 0 0 0 0 0 0 
[94927a]
Flag = 1 0 1 0 0 0 0 0 0 0 0 0 0 0 0 0 5 
[94be86]
Flag = 1 0 0 0 0 0 0 0 0 0 0 0 0 0 0 0 
[94d48c]
Flag = 1 0 0 0 0 0 0 0 0 0 0 0 0 0 0 0 
[94df8f]
Flag = 1 0 0 0 0 0 0 0 0 0 0 0 0 0 0 0 
[94ea92]
Flag = 1 0 0 0 0 0 0 0 0 0 0 0 0 0 0 0 
[94f595]
Flag = 1 0 0 0 0 0 0 0 0 0 0 0 0 0 0 0 
[9afb39]
Flag = 1 0 0 0 0 0 0 0 0 0 0 0 0 0 0 0 
[a7d7ba]
Flag = 1 0 0 0 1 0 0 0 0 0 0 0 0 0 0 0 
[9f5368]
Flag = 1 0 0 0 0 0 0 0 0 0 0 0 0 0 0 0 5 
[9f696e]
Flag = 1 0 0 0 0 0 0 0 0 0 0 0 0 0 0 0 
[9f7f74]
Flag = 1 0 0 0 0 0 0 0 0 0 0 0 0 0 0 0 
[a00398]
Flag = 1 0 0 0 0 0 0 0 0 0 0 0 0 0 0 0 
[9f8a77]
Flag = 1 0 0 0 0 0 0 0 0 0 0 0 0 0 0 0 
[9f957a]
Flag = 1 0 0 0 0 0 0 0 0 0 0 0 0 0 0 0 
[9fa07d]
Flag = 1 0 0 0 0 0 0 0 0 0 0 0 0 0 0 0 
[acd516]
Flag = 1 0 0 0 0 0 0 0 0 0 0 0 0 0 0 0 
[f15ac1]
Flag = 1 1 0 0 0 0 0 0 0 0 0 0 0 0 0 0 5 
[f170c7]
Flag = 1 0 0 0 0 0 0 0 0 0 0 0 0 0 0 0 
[f17bca]
Flag = 1 0 0 1 0 0 0 0 0 0 0 0 0 0 0 0 
[f186cd]
Flag = 1 0 0 0 0 0 0 0 0 0 0 0 0 0 0 0 
[f191d0]
Flag = 1 0 0 0 0 0 0 0 0 0 0 0 0 0 0 0 
[f19cd3]
Flag = 1 0 0 0 0 0 0 0 0 0 0 0 0 0 0 0 
[becffc]
Flag = 1 1 0 0 0 0 0 0 0 0 0 0 0 0 0 0 5 
[bee602]
Flag = 1 0 0 0 0 0 0 0 0 0 0 0 0 0 0 0 
[bf120e]
Flag = 1 0 0 0 0 0 0 0 0 0 0 0 0 0 0 0 
[bf1d11]
Flag = 1 0 0 0 0 0 0 0 0 0 0 0 0 0 0 0 
[bf3317]
Flag = 1 0 0 0 0 0 0 0 0 0 0 0 0 0 0 0 
[bf3e1a]
Flag = 1 0 0 0 0 0 0 0 0 0 0 0 0 0 0 0 
[ae4079]
Flag = 1 1 1 0 0 0 0 0 0 0 0 0 0 0 0 0 5 
[ae6c85]
Flag = 1 0 0 0 0 0 0 0 0 0 0 0 0 0 0 0 
[aeae97]
Flag = 1 0 0 0 0 0 0 0 0 0 0 0 0 0 0 0 
[aeb99a]
Flag = 1 0 0 0 0 0 0 0 0 0 0 0 0 0 0 0 
[aec49d]
Flag = 1 0 0 0 0 0 0 0 0 0 0 0 0 0 0 0 
[aecfa0]
Flag = 1 0 0 0 0 0 0 0 0 0 0 0 0 0 0 0 
[db8bd0]
Flag = 1 0 0 0 0 0 0 0 0 0 0 0 0 0 0 0 
[e55a7c]
Flag = 1 0 0 0 0 0 0 1 0 1 0 0 0 0 0 0 
[f25806]
Flag = 1 0 0 0 0 1 0 0 0 0 0 0 0 0 0 0 
[cd38e9]
Flag = 1 1 1 0 0 0 0 0 0 0 0 0 0 0 0 0 5 
[cd4eef]
Flag = 1 0 0 0 0 0 0 0 0 0 0 0 0 0 0 0 
[cd59f2]
Flag = 1 0 0 0 0 0 0 0 0 0 0 0 0 0 0 0 
[cd64f5]
Flag = 1 0 0 0 0 0 0 0 0 0 0 0 0 0 0 0 
[cd6ff8]
Flag = 1 0 0 0 0 0 0 0 0 0 0 0 0 0 0 0 
[cd7afb]
Flag = 1 0 0 0 0 0 0 0 0 0 0 0 0 0 0 0 
[ef2928]
Flag = 1 0 0 0 0 0 0 0 0 0 0 0 0 0 0 0 
[1055b34]
Flag = 1 0 0 0 0 0 0 0 0 0 0 0 0 0 0 0 
[1056637]
Flag = 1 0 0 0 0 0 0 0 0 0 0 0 0 0 0 0 
[106637c]
Flag = 1 1 1 0 0 0 0 0 0 0 0 0 0 0 0 0 
[1058740]
Flag = 1 0 0 0 0 0 0 0 0 0 0 0 0 0 0 0 
[1057c3d]
Flag = 1 0 0 0 0 0 0 0 0 0 0 0 0 0 0 0 
[11d45b8]
Flag = 1 0 0 0 0 0 0 0 0 0 0 0 0 0 0 0 
[2d986c]
Flag = 2 0 0 0 0 0 0 0 0 0 0 0 0 0 0 0 
[5d155c]
Flag = 2 0 0 0 0 0 0 0 0 0 0 0 0 0 0 0 
[6c6588]
Flag = 2 0 0 0 0 0 0 0 0 0 0 0 0 0 0 0 
[6d99dc]
Flag = 2 0 0 0 1 0 0 0 0 0 0 0 0 0 0 0 
[6d8ed9]
Flag = 2 0 0 0 0 0 0 0 0 0 0 0 0 0 0 0 
[fffff4fd]
Flag = 2 0 0 0 0 0 0 0 0 0 0 0 0 0 0 0 
[71e708]
Flag = 2 0 0 0 0 0 0 0 0 0 0 0 0 0 0 0 5 
[721314]
Flag = 2 0 0 0 0 0 0 0 0 0 0 0 0 0 0 0 
[72341d]
Flag = 2 0 0 0 0 0 0 0 0 0 0 0 0 0 0 0 
[724a23]
Flag = 2 0 0 0 0 0 0 0 0 0 0 0 0 0 0 0 
[725526]
Flag = 2 0 0 0 0 0 0 0 0 0 0 0 0 0 0 0 
[726029]
Flag = 2 0 0 0 0 0 0 0 0 0 0 0 0 0 0 0 
[7a4a51]
Flag = 2 0 0 0 0 0 0 0 0 0 0 0 0 0 0 0 
[847115]
Flag = 2 0 0 0 0 0 0 0 0 0 0 0 0 0 0 0 
[c38b46]
Flag = 2 0 0 0 0 1 0 0 0 0 0 0 0 0 0 0 
[9d37d5]
Flag = 2 0 0 0 0 1 0 0 0 0 0 0 0 0 0 0 
[e12e59]
Flag = 2 0 0 0 0 0 0 0 0 0 0 0 0 0 0 0 
[f923e0]
Flag = 2 0 0 0 0 0 0 0 0 0 0 0 0 0 0 0 
[f94fec]
Flag = 2 1 0 0 0 0 0 0 0 0 0 0 0 0 0 0 
[f95aef]
Flag = 2 0 0 0 0 0 0 0 0 0 0 0 0 0 0 0 
[f965f2]
Flag = 2 0 0 0 0 0 0 0 0 0 0 0 0 0 0 0 
[18c6c]
Flag = 4 0 0 0 0 0 0 0 0 0 0 0 0 0 0 0 
[2c0c0]
Flag = 4 0 0 0 0 0 0 0 0 0 0 0 0 0 0 0 
[5faa1]
Flag = 4 0 0 0 0 0 0 0 0 0 0 0 0 0 0 0 
[3b302]
Flag = 4 0 0 0 0 0 0 0 0 0 0 0 0 0 0 0 
[3c908]
Flag = 4 0 0 0 0 0 0 0 0 0 0 0 0 0 0 0 
[43726]
Flag = 4 0 0 0 0 0 0 0 0 0 0 0 0 0 0 0 
[4843b]
Flag = 4 0 0 0 0 0 0 0 0 0 0 0 0 0 0 0 
[4e756]
Flag = 4 0 0 0 0 0 0 0 0 0 0 0 0 0 0 0 
[5085f]
Flag = 4 0 0 0 0 0 0 0 0 0 0 0 0 0 0 0 
[5ce95]
Flag = 4 0 0 0 0 0 0 0 0 0 0 0 0 0 0 0 
[631b0]
Flag = 4 0 0 0 0 0 0 0 0 0 0 0 0 0 0 0 
[647b6]
Flag = 4 0 0 0 0 0 0 0 0 0 0 0 0 0 0 0 
[79210]
Flag = 4 0 0 0 0 0 0 0 0 0 0 0 0 0 0 0 
[7be1c]
Flag = 4 0 0 1 0 0 0 0 0 0 0 0 0 0 0 0 
[84240]
Flag = 4 0 0 0 0 0 0 0 0 0 0 0 0 0 0 0 
[8fd73]
Flag = 4 0 0 0 0 0 0 0 0 0 0 0 0 0 0 0 
[93f85]
Flag = 4 0 0 0 0 0 0 0 0 0 0 0 0 0 0 0 
[9efb5]
Flag = 4 0 0 0 0 0 0 0 0 0 0 0 0 0 0 0 
[49fc28]
Flag = 8 0 0 1 0 0 0 0 0 0 0 0 0 0 0 0 
[b05109]
Flag = 32 0 0 0 0 0 0 0 0 0 0 0 0 0 0 1 
[b282a2]
Flag = 32 0 0 0 0 0 0 0 0 0 0 0 0 0 0 1 
[c94ed8]
Flag = 32 0 0 1 0 0 0 0 0 0 1 0 0 0 1 0 
[ac50f2]
Flag = 32 0 0 0 0 0 0 0 0 0 0 0 0 0 0 1 
[c97ae4]
Flag = 32 0 0 1 0 0 0 0 0 0 1 0 0 0 1 0 
[ac7cfe]
Flag = 32 0 0 0 0 0 0 0 0 0 0 0 0 0 0 1 
[d3759c]
Flag = 32 0 0 0 0 0 0 0 0 0 0 0 0 0 0 1 
[d3acab]
Flag = 32 0 0 0 0 0 0 0 0 0 0 0 0 0 0 1 
[c8f6c0]
Flag = 32 0 0 1 0 0 0 0 0 0 1 0 0 0 1 0 
[cfe3a3]
Flag = 32 0 0 0 0 0 0 0 0 0 0 0 0 0 0 1 
[e9448d]
Flag = 32 0 1 0 0 0 0 0 0 0 0 0 0 0 0 0 
[6cbda]
Flag = 32 0 0 0 0 0 0 0 0 0 0 0 0 0 0 0 
[c38b46]
Flag = 16 0 0 0 0 1 0 0 0 0 0 0 0 0 0 0 
[9d37d5]
Flag = 16 0 0 0 0 1 0 0 0 0 0 0 0 0 0 0 
[87ed08]
Flag = 16 0 0 0 0 1 0 0 0 0 0 0 0 0 0 0 
[87f80b]
Flag = 16 0 0 0 0 1 0 0 0 0 0 0 0 0 0 0 
[88030e]
Flag = 16 0 0 0 0 0 0 0 0 0 0 0 0 0 0 0 
[880e11]
Flag = 16 0 0 0 0 0 0 0 0 0 0 0 0 0 0 0 
[6f5254]
Flag = 16 0 0 0 0 0 0 0 0 0 0 0 0 0 0 0 
[6f685a]
Flag = 16 0 0 0 0 0 0 0 0 0 0 0 0 0 0 0 
[6f9466]
Flag = 16 0 0 0 0 0 0 0 0 0 0 0 0 0 0 0 
[6faa6c]
Flag = 16 0 0 0 0 0 0 0 0 0 0 0 0 0 0 0 
[6fc072]
Flag = 16 0 0 0 0 0 0 0 0 0 0 0 0 0 0 0 
[6fd678]
Flag = 16 0 0 0 0 0 0 0 0 0 0 0 0 0 0 0 
[6fe17b]
Flag = 16 0 0 0 1 0 0 0 0 0 0 0 0 0 0 0 
[6ff781]
Flag = 16 0 0 0 0 0 0 0 0 0 0 0 0 0 0 0 
[700d87]
Flag = 16 0 0 0 0 1 0 0 0 0 0 0 0 0 0 0 
[703993]
Flag = 16 0 0 0 0 0 0 0 0 0 0 0 0 0 0 0 
[704f99]
Flag = 16 0 0 0 1 0 0 0 0 0 0 0 0 0 0 0 
[70659f]
Flag = 16 0 0 0 0 1 0 0 0 0 0 0 0 0 0 0 
[707ba5]
Flag = 16 0 1 0 0 0 0 0 0 0 0 0 0 0 0 0 
[70a7b1]
Flag = 16 1 1 0 0 0 0 0 0 0 0 0 0 0 0 0 
[70b2b4]
Flag = 16 0 0 0 0 0 0 0 0 0 0 0 0 0 0 0 
[70bdb7]
Flag = 16 1 0 0 0 0 0 0 0 0 0 0 0 0 0 0 
[70d3bd]
Flag = 16 0 0 0 0 0 0 0 0 0 0 0 0 0 0 0 
[70e9c3]
Flag = 16 0 0 1 0 0 0 0 0 0 0 0 0 0 0 0 
[712bd5]
Flag = 16 0 0 0 0 0 0 0 0 0 0 0 0 0 0 0 
[714cde]
Flag = 16 0 0 0 0 0 0 0 0 0 0 0 0 0 0 0 
[7183ed]
Flag = 16 0 0 1 0 0 0 0 0 0 0 0 0 0 0 0 
[7199f3]
Flag = 16 0 0 0 0 0 0 0 0 0 0 0 0 0 0 0 
[71aff9]
Flag = 16 0 0 0 0 0 0 0 0 0 0 0 0 0 0 0 
[9f1156]
Flag = 16 0 0 0 0 0 0 0 0 0 0 0 0 0 0 0 
[9f325f]
Flag = 16 0 0 0 0 0 0 0 0 0 0 0 0 0 0 0 
[a82fd2]
Flag = 16 0 0 0 0 0 1 0 0 0 0 0 0 0 0 0 
[a9a638]
Flag = 16 1 0 0 0 0 0 0 0 0 0 0 0 0 0 0 
[cbac7d]
Flag = 16 0 0 0 1 0 0 0 0 0 0 0 0 0 0 0 5 
[cbb780]
Flag = 16 1 0 0 0 0 0 0 0 0 0 0 0 0 0 0 5 
[cbc283]
Flag = 16 0 0 0 0 0 0 0 0 0 0 0 0 0 0 0 
[cbcd86]
Flag = 16 0 0 0 0 0 0 0 0 0 0 0 0 0 0 0 
[cbd889]
Flag = 16 0 0 0 0 0 0 0 0 0 0 0 0 0 0 0 
[cbe38c]
Flag = 16 0 0 0 0 0 0 0 0 0 0 0 0 0 0 0 
[cbee8f]
Flag = 16 0 0 0 0 0 0 0 0 0 0 0 0 0 0 0 
[c38043]
Flag = 16 0 0 0 0 0 0 0 0 0 0 0 0 0 0 0 
[ca832c]
Flag = 16 0 0 0 0 0 0 0 0 0 0 0 0 0 0 0 
[d8d613]
Flag = 16 0 0 0 1 0 0 0 0 0 0 0 0 0 0 0 
[d5bd3b]
Flag = 16 0 0 0 0 0 0 0 0 0 0 0 0 0 0 0 
[e0892c]
Flag = 16 0 0 0 0 0 0 0 0 0 0 0 0 0 0 0 
[dedbb7]
Flag = 16 0 0 0 1 0 0 0 0 0 0 0 0 0 0 0 5 
[dee6ba]
Flag = 16 0 0 0 0 0 0 0 0 0 0 0 0 0 0 0 5 
[def1bd]
Flag = 16 0 0 0 0 0 0 0 0 0 0 0 0 0 0 0 
[defcc0]
Flag = 16 0 0 0 0 0 0 0 0 0 0 0 0 0 0 0 
[d2db72]
Flag = 16 0 0 0 0 0 0 0 0 0 0 0 0 0 0 0 
[d2e675]
Flag = 16 0 0 0 0 0 0 0 0 0 0 0 0 0 0 0 
[d2ba69]
Flag = 16 0 0 0 1 0 0 0 0 0 0 0 0 0 0 0 
[be6ce1]
Flag = 16 0 0 0 0 0 0 0 0 0 0 0 0 0 0 0 
[dcb521]
Flag = 16 0 0 0 0 0 0 0 0 0 0 0 0 0 0 0 
[dcec30]
Flag = 16 0 0 0 0 0 0 0 0 0 0 0 0 0 0 0 
[ea8ee7]
Flag = 16 0 0 0 0 0 0 0 0 0 0 0 0 0 0 0 
[e06823]
Flag = 16 1 1 0 0 0 0 0 0 0 0 0 0 0 0 0 
[e87e57]
Flag = 16 0 1 0 0 0 0 0 0 0 0 0 0 0 0 0 5 
[e8945d]
Flag = 16 0 0 0 0 0 0 0 0 0 0 0 0 0 0 0 
[e89f60]
Flag = 16 0 0 0 0 0 0 0 0 0 0 0 0 0 0 0 
[e8aa63]
Flag = 16 0 0 0 0 0 0 0 0 0 0 0 0 0 0 0 
[e8b566]
Flag = 16 0 0 0 0 0 0 0 0 0 0 0 0 0 0 0 
[e8c069]
Flag = 16 0 0 0 0 0 0 0 0 0 0 0 0 0 0 0 
[f3975d]
Flag = 16 0 0 0 0 0 0 0 0 0 0 0 0 0 0 0 5 
[f81095]
Flag = 16 0 0 0 0 0 0 0 0 0 0 0 0 0 0 0 
[f81b98]
Flag = 16 0 0 0 0 0 0 0 0 0 0 0 0 0 0 0 
[fcc0dc]
Flag = 16 0 0 0 0 0 0 0 0 0 0 0 0 0 0 0 
[f8269b]
Flag = 16 0 0 0 0 0 0 0 0 0 0 0 0 0 0 0 
[f8319e]
Flag = 16 0 0 0 0 0 0 0 0 0 0 0 0 0 0 0 
[f83ca1]
Flag = 16 0 0 0 0 0 0 0 0 0 0 0 0 0 0 0 
[eac5f6]
Flag = 16 0 0 0 0 0 0 0 0 0 0 0 0 0 0 0 
[f852a7]
Flag = 16 0 0 0 1 0 0 0 0 0 0 0 0 0 0 0 
[ea41d2]
Flag = 16 0 0 0 0 0 0 0 0 0 0 0 0 0 0 0 
[10e2198]
Flag = 16 0 0 0 0 0 0 0 0 0 0 0 0 0 0 0 
